UNITS=MM
#
#Num Features
#
F 115

#
#Feature symbol names
#
$0 donut_r3350.0x3275.0
$1 r50.0
$2 donut_r6150.0x6075.0
$3 r152.40
$4 r100.0

#
#Feature attribute names
#

#
#Feature attribute text strings
#
#
#Layer features
#
P 129.180 -57.430 0 P 0 8 0.0 
P 95.310 -67.650 0 P 0 8 0.0 
L 102.660 -59.0 105.960 -59.0 1 P 0 
L 102.660 -60.460 102.660 -59.0 1 P 0 
L 105.960 -59.0 105.960 -60.460 1 P 0 
L 105.960 -60.460 102.660 -60.460 1 P 0 
L 117.810 -92.920 127.510 -92.920 1 P 0 
L 117.810 -115.220 117.810 -92.920 1 P 0 
L 127.510 -92.920 127.510 -115.220 1 P 0 
L 127.510 -115.220 117.810 -115.220 1 P 0 
P 80.50 -41.0 2 P 0 8 0.0 
P 146.940 -41.180 2 P 0 8 0.0 
L 113.620 -37.5550 113.620 -54.3050 1 P 0 
L 113.620 -37.5550 133.180 -37.5550 1 P 0 
L 113.620 -54.3050 133.180 -54.3050 1 P 0 
L 133.180 -37.5550 133.180 -54.3050 1 P 0 
P 95.260 -58.0 0 P 0 8 0.0 
P 101.730 -118.820 0 P 0 8 0.0 
L 82.6550 -94.130 85.9550 -94.130 1 P 0 
L 82.6550 -95.590 82.6550 -94.130 1 P 0 
L 85.9550 -94.130 85.9550 -95.590 1 P 0 
L 85.9550 -95.590 82.6550 -95.590 1 P 0 
P 129.070 -71.890 0 P 0 8 0.0 
L 117.290 -69.710 120.590 -69.710 1 P 0 
L 117.290 -71.170 117.290 -69.710 1 P 0 
L 120.590 -69.710 120.590 -71.170 1 P 0 
L 120.590 -71.170 117.290 -71.170 1 P 0 
P 129.210 -61.210 0 P 0 8 0.0 
P 80.20 -89.420 0 P 0 8 0.0 
L 108.03780 -55.20720 115.45460 -55.20720 3 P 0 
L 108.03780 -64.45280 108.03780 -55.20720 3 P 0 
L 115.45460 -55.20720 115.45460 -64.45280 3 P 0 
L 115.45460 -64.45280 108.03780 -64.45280 3 P 0 
L 97.880 -82.070 105.380 -82.070 1 P 0 
L 97.880 -89.170 97.880 -82.070 1 P 0 
L 105.380 -82.070 105.380 -89.170 1 P 0 
L 105.380 -89.170 97.880 -89.170 1 P 0 
P 129.130 -67.920 0 P 0 8 0.0 
P 129.10 -75.620 0 P 0 8 0.0 
P 80.010 -99.670 0 P 0 8 0.0 
L 99.820 -78.560 104.720 -78.560 1 P 0 
L 99.820 -80.820 99.820 -78.560 1 P 0 
L 104.720 -78.560 104.720 -80.820 1 P 0 
L 104.720 -80.820 99.820 -80.820 1 P 0 
L 86.52250 -88.910 89.82250 -88.910 1 P 0 
L 86.52250 -90.370 86.52250 -88.910 1 P 0 
L 89.82250 -88.910 89.82250 -90.370 1 P 0 
L 89.82250 -90.370 86.52250 -90.370 1 P 0 
P 80.220 -79.80 0 P 0 8 0.0 
L 104.160 -72.410 107.460 -72.410 1 P 0 
L 104.160 -73.870 104.160 -72.410 1 P 0 
L 107.460 -72.410 107.460 -73.870 1 P 0 
L 107.460 -73.870 104.160 -73.870 1 P 0 
P 95.420 -53.050 0 P 0 8 0.0 
P 147.070 -118.060 2 P 0 8 0.0 
L 104.220 -54.67750 105.680 -54.67750 1 P 0 
L 104.220 -57.97750 104.220 -54.67750 1 P 0 
L 105.680 -54.67750 105.680 -57.97750 1 P 0 
L 105.680 -57.97750 104.220 -57.97750 1 P 0 
L 77.59750 -102.040 77.59750 -113.040 1 P 0 
L 77.59750 -113.040 88.40750 -113.040 1 P 0 
L 88.40750 -102.040 77.59750 -102.040 1 P 0 
L 88.40750 -113.040 88.40750 -102.040 1 P 0 
L 134.46250 -54.30 134.46250 -85.30 1 P 0 
L 134.46250 -85.30 145.27250 -85.30 1 P 0 
L 145.27250 -54.30 134.46250 -54.30 1 P 0 
L 145.27250 -85.30 145.27250 -54.30 1 P 0 
L 82.64750 -83.980 85.94750 -83.980 1 P 0 
L 82.64750 -85.440 82.64750 -83.980 1 P 0 
L 85.94750 -83.980 85.94750 -85.440 1 P 0 
L 85.94750 -85.440 82.64750 -85.440 1 P 0 
L 108.09540 -65.79720 115.51220 -65.79720 3 P 0 
L 108.09540 -75.04280 108.09540 -65.79720 3 P 0 
L 115.51220 -65.79720 115.51220 -75.04280 3 P 0 
L 115.51220 -75.04280 108.09540 -75.04280 3 P 0 
P 95.360 -73.150 0 P 0 8 0.0 
L 128.430 -93.140 138.130 -93.140 1 P 0 
L 128.430 -115.440 128.430 -93.140 1 P 0 
L 138.130 -93.140 138.130 -115.440 1 P 0 
L 138.130 -115.440 128.430 -115.440 1 P 0 
P 96.040 -48.650 0 P 0 8 0.0 
L 86.480 -83.980 89.780 -83.980 1 P 0 
L 86.480 -85.440 86.480 -83.980 1 P 0 
L 89.780 -83.980 89.780 -85.440 1 P 0 
L 89.780 -85.440 86.480 -85.440 1 P 0 
P 95.260 -63.180 0 P 0 8 0.0 
P 106.530 -118.90 0 P 0 8 0.0 
L 86.410 -94.080 89.710 -94.080 1 P 0 
L 86.410 -95.540 86.410 -94.080 1 P 0 
L 89.710 -94.080 89.710 -95.540 1 P 0 
L 89.710 -95.540 86.410 -95.540 1 P 0 
L 82.60750 -88.870 85.90750 -88.870 1 P 0 
L 82.60750 -90.330 82.60750 -88.870 1 P 0 
L 85.90750 -88.870 85.90750 -90.330 1 P 0 
L 85.90750 -90.330 82.60750 -90.330 1 P 0 
P 80.150 -84.670 0 P 0 8 0.0 
S P 0 
OB 106.950 -102.680 I
OS 106.950 -102.680
OS 106.950 -111.980
OS 96.250 -111.980
OS 96.250 -102.680
OS 106.950 -102.680
OE
SE
L 106.950 -111.980 96.250 -111.980 4 P 0 
L 96.250 -111.980 96.250 -102.680 4 P 0 
L 96.250 -102.680 106.950 -102.680 4 P 0 
L 106.950 -102.680 106.950 -111.980 4 P 0 
L 81.470 -45.140 81.470 -76.140 1 P 0 
L 81.470 -76.140 92.280 -76.140 1 P 0 
L 92.280 -45.140 81.470 -45.140 1 P 0 
L 92.280 -76.140 92.280 -45.140 1 P 0 
P 80.240 -94.910 0 P 0 8 0.0 
L 103.020 -69.610 106.320 -69.610 1 P 0 
L 103.020 -71.070 103.020 -69.610 1 P 0 
L 106.320 -69.610 106.320 -71.070 1 P 0 
L 106.320 -71.070 103.020 -71.070 1 P 0 
P 80.50 -118.50 2 P 0 8 0.0 
L 117.640 -59.220 120.940 -59.220 1 P 0 
L 117.640 -60.680 117.640 -59.220 1 P 0 
L 120.940 -59.220 120.940 -60.680 1 P 0 
L 120.940 -60.680 117.640 -60.680 1 P 0 
